data/6123_data.cnv
* Sea-Bird SBE37SM-RS232  Data File:
* FileName = C:\Documents and Settings\pgp\Desktop\jc145\wb1\6123_data.hex
* Software version SeatermV2 1.1m
* Temperature SN = 6123
* Conductivity SN = 6123
* System UpLoad Time = Mar 28 2017 17:36:35
* sample interval = 3600 seconds
* <ApplicationData>
# nquan = 5
# nvalues = 11624                                 
# units = specified
# name 0 = tv290C: Temperature [ITS-90, deg C]
# name 1 = cond0S/m: Conductivity [S/m]
# name 2 = prdM: Pressure, Strain Gauge [db]
# name 3 = timeK: Time, Instrument [seconds]
# name 4 = flag:  0.000e+00
# span 0 =     6.6874,    26.4977                 
# span 1 =   0.001126,   5.682723                 
# span 2 =     -0.789,    911.812                 
# span 3 =  502192801,  544035601                 
# span 4 = 0.0000e+00, 0.0000e+00                 
# interval = seconds: 3600
# start_time = Nov 30 2015 10:00:01 [Instrument's time stamp, first data scan]
# bad_flag = -9.990e-29
*END*
[from data line 3429]
     9.1798   3.788351    800.877  514537201  0.000e+00
     9.0879   3.779395    800.995  514540801  0.000e+00
     9.1319   3.783432    801.138  514544401  0.000e+00
     9.0603   3.775993    801.203  514548001  0.000e+00
     9.0419   3.774002    801.393  514551601  0.000e+00
     9.0491   3.774894    801.298  514555201  0.000e+00
     9.0502   3.774998    801.155  514558801  0.000e+00
     9.0836   3.778567    801.087  514562401  0.000e+00
     9.0791   3.777959    800.895  514566001  0.000e+00
     9.0159   3.771572    800.803  514569601  0.000e+00
     9.0253   3.772322    800.752  514573201  0.000e+00
     8.8528   3.755217    800.859  514576801  0.000e+00
     8.8001   3.749689    801.093  514580401  0.000e+00
     8.7825   3.747743    801.781  514584001  0.000e+00
     8.7848   3.748181    802.421  514587601  0.000e+00
     8.7755   3.747389    803.411  514591201  0.000e+00
     8.9873   3.768316    803.379  514594801  0.000e+00
     8.8222   3.752405    803.806  514598401  0.000e+00
     8.8036   3.750271    804.082  514602001  0.000e+00
     8.9342   3.763195    803.186  514605601  0.000e+00
     8.9115   3.761013    803.563  514609201  0.000e+00
     8.9720   3.767425    803.783  514612801  0.000e+00
     8.9677   3.767051    804.568  514616401  0.000e+00
     8.9549   3.765578    805.914  514620001  0.000e+00
     8.8864   3.758761    806.837  514623601  0.000e+00
     8.5919   3.728658    808.312  514627201  0.000e+00
     8.5736   3.727205    809.214  514630801  0.000e+00
     8.4308   3.712763    810.461  514634401  0.000e+00
     8.4403   3.713843    811.763  514638001  0.000e+00
     8.5452   3.723636    811.867  514641601  0.000e+00
     8.5484   3.724871    811.627  514645201  0.000e+00
     8.4567   3.715192    811.312  514648801  0.000e+00
     8.4612   3.715975    811.505  514652401  0.000e+00
     8.4724   3.717254    812.172  514656001  0.000e+00
     8.6090   3.730718    812.864  514659601  0.000e+00
     8.6083   3.730564    813.362  514663201  0.000e+00
     8.5678   3.725624    814.195  514666801  0.000e+00
     8.5104   3.721291    815.283  514670401  0.000e+00
     8.5280   3.722969    815.642  514674001  0.000e+00
     8.5072   3.720752    816.588  514677601  0.000e+00
     8.4622   3.716324    817.412  514681201  0.000e+00
     8.5000   3.720116    817.798  514684801  0.000e+00
     8.5577   3.725934    817.205  514688401  0.000e+00
     8.5591   3.726049    815.853  514692001  0.000e+00
     8.5520   3.725592    815.165  514695601  0.000e+00
     8.7066   3.740885    815.079  514699201  0.000e+00
     8.7348   3.743984    814.703  514702801  0.000e+00
     8.7925   3.749947    817.004  514706401  0.000e+00
     8.7316   3.743669    817.455  514710001  0.000e+00
     8.6945   3.740313    818.401  514713601  0.000e+00
     8.6466   3.735284    818.987  514717201  0.000e+00
     8.4261   3.712689    818.879  514720801  0.000e+00
     8.4052   3.710975    819.045  514724401  0.000e+00
     8.4196   3.712208    819.045  514728001  0.000e+00
     8.3731   3.707534    818.801  514731601  0.000e+00
     8.3777   3.707726    817.548  514735201  0.000e+00
     8.4071   3.711109    816.368  514738801  0.000e+00
     8.4510   3.714911    815.748  514742401  0.000e+00
     8.6044   3.730764    814.243  514746001  0.000e+00
     8.7368   3.743648    813.256  514749601  0.000e+00
     8.6714   3.737149    812.636  514753201  0.000e+00
     8.7479   3.744672    812.093  514756801  0.000e+00
     8.7849   3.748056    811.572  514760401  0.000e+00
     8.8286   3.752969    811.151  514764001  0.000e+00
     8.8927   3.759253    810.798  514767601  0.000e+00
     8.8244   3.752130    810.276  514771201  0.000e+00
     8.6780   3.737727    808.956  514774801  0.000e+00
     8.7232   3.742216    807.610  514778401  0.000e+00
     8.8426   3.754019    806.525  514782001  0.000e+00
     8.8095   3.750923    807.827  514785601  0.000e+00
     8.7998   3.750105    808.826  514789201  0.000e+00
     8.8556   3.755916    809.253  514792801  0.000e+00
     8.8743   3.757510    808.429  514796401  0.000e+00
     8.9045   3.760272    807.453  514800001  0.000e+00
     8.8419   3.754238    806.623  514803601  0.000e+00
     8.8655   3.756425    806.457  514807201  0.000e+00
     8.8560   3.755444    806.149  514810801  0.000e+00
     8.8415   3.754102    806.030  514814401  0.000e+00
     8.8319   3.752896    805.339  514818001  0.000e+00
     8.8260   3.752251    805.247  514821601  0.000e+00
     8.8356   3.753302    805.650  514825201  0.000e+00
     8.7847   3.748286    806.308  514828801  0.000e+00
     8.8862   3.758677    805.840  514832401  0.000e+00
     8.8848   3.758425    805.060  514836001  0.000e+00
     8.8297   3.753225    804.871  514839601  0.000e+00
     8.8101   3.751077    804.746  514843201  0.000e+00
     8.8141   3.751393    804.841  514846801  0.000e+00
     8.7719   3.747422    805.428  514850401  0.000e+00
     8.8151   3.751509    805.624  514854001  0.000e+00
     8.7748   3.747828    805.594  514857601  0.000e+00
     8.7829   3.748801    805.858  514861201  0.000e+00
     8.7748   3.748054    806.190  514864801  0.000e+00
     8.7768   3.748105    806.193  514868401  0.000e+00
     8.7543   3.745849    805.973  514872001  0.000e+00
     8.6569   3.735904    805.543  514875601  0.000e+00
     8.7982   3.749556    805.783  514879201  0.000e+00
     8.9136   3.761808    805.935  514882801  0.000e+00
     8.8649   3.756631    806.172  514886401  0.000e+00
     8.8509   3.755186    806.837  514890001  0.000e+00
     8.8820   3.758994    808.192  514893601  0.000e+00
     8.7551   3.745954    809.389  514897201  0.000e+00
     8.7815   3.748926    810.982  514900801  0.000e+00
     8.7827   3.749139    813.096  514904401  0.000e+00
     8.7520   3.745318    815.492  514908001  0.000e+00
     8.8148   3.752546    817.244  514911601  0.000e+00
     8.7367   3.744526    817.289  514915201  0.000e+00
     8.5693   3.728224    817.947  514918801  0.000e+00
     8.6279   3.733997    821.526  514922401  0.000e+00
     8.5662   3.727101    824.203  514926001  0.000e+00
     8.5607   3.727455    825.271  514929601  0.000e+00
     8.5367   3.724889    825.793  514933201  0.000e+00
     8.4617   3.716906    825.430  514936801  0.000e+00
     8.5211   3.723121    825.223  514940401  0.000e+00
     8.3828   3.709809    825.715  514944001  0.000e+00
     8.3447   3.705605    826.725  514947601  0.000e+00
     8.3308   3.704366    825.990  514951201  0.000e+00
     8.3432   3.705579    824.637  514954801  0.000e+00
     8.3317   3.704269    823.475  514958401  0.000e+00
     8.2596   3.697137    822.665  514962001  0.000e+00
     8.3921   3.710128    819.920  514965601  0.000e+00
     8.3276   3.703658    818.330  514969201  0.000e+00
     8.5480   3.725414    818.266  514972801  0.000e+00
     8.5917   3.730167    817.682  514976401  0.000e+00
     8.6163   3.732528    816.974  514980001  0.000e+00
     8.4426   3.714628    816.341  514983601  0.000e+00
     8.4754   3.717494    817.646  514987201  0.000e+00
     8.4270   3.713196    817.978  514990801  0.000e+00
     8.4732   3.717674    818.645  514994401  0.000e+00
     8.3870   3.709236    820.445  514998001  0.000e+00
     8.4761   3.717971    820.875  515001601  0.000e+00
     8.4334   3.713718    820.445  515005201  0.000e+00
     8.6148   3.731950    819.818  515008801  0.000e+00
     8.4382   3.714109    819.503  515012401  0.000e+00
     8.4489   3.715040    819.215  515016001  0.000e+00
     8.3295   3.703607    818.374  515019601  0.000e+00
     8.3668   3.706725    818.235  515023201  0.000e+00
     8.4584   3.715605    818.096  515026801  0.000e+00
     8.4692   3.717044    817.815  515030401  0.000e+00
     8.5137   3.721549    817.198  515034001  0.000e+00
     8.6679   3.736750    815.429  515037601  0.000e+00
     8.6732   3.737491    814.415  515041201  0.000e+00
     8.5551   3.725617    812.982  515044801  0.000e+00
     8.5327   3.723823    812.125  515048401  0.000e+00
     8.5035   3.721007    811.532  515052001  0.000e+00
     8.5820   3.727810    811.084  515055601  0.000e+00
     8.7133   3.741089    809.742  515059201  0.000e+00
     8.7415   3.744059    808.983  515062801  0.000e+00
     8.7493   3.744781    808.989  515066401  0.000e+00
     8.7671   3.746695    809.369  515070001  0.000e+00
     8.6974   3.739794    809.315  515073601  0.000e+00
     8.7369   3.743698    810.053  515077201  0.000e+00
     8.6732   3.737727    810.528  515080801  0.000e+00
     8.7635   3.746218    810.816  515084401  0.000e+00
     8.6943   3.739016    811.165  515088001  0.000e+00
     8.5190   3.721830    811.301  515091601  0.000e+00
     8.5407   3.723958    811.179  515095201  0.000e+00
     8.4876   3.719060    811.556  515098801  0.000e+00
     8.5604   3.725578    811.132  515102401  0.000e+00
     8.6452   3.734418    810.000  515106001  0.000e+00
     8.6898   3.738551    810.118  515109601  0.000e+00
     8.7741   3.747926    810.314  515113201  0.000e+00
     8.7687   3.747430    810.982  515116801  0.000e+00
     8.7705   3.747418    811.527  515120401  0.000e+00
     8.7447   3.744414    811.619  515124001  0.000e+00
     8.7753   3.748449    811.053  515127601  0.000e+00
     8.7592   3.746779    810.789  515131201  0.000e+00
     8.7619   3.746992    810.341  515134801  0.000e+00
     8.7855   3.749448    810.249  515138401  0.000e+00
     8.8185   3.752633    808.802  515142001  0.000e+00
     8.7431   3.744342    808.301  515145601  0.000e+00
     8.7223   3.742061    808.182  515149201  0.000e+00
     8.6788   3.737810    808.579  515152801  0.000e+00
     8.7659   3.747262    808.752  515156401  0.000e+00
     8.6973   3.739330    808.749  515160001  0.000e+00
     8.6931   3.739556    808.799  515163601  0.000e+00
     8.7850   3.749157    808.420  515167201  0.000e+00
     8.7755   3.748229    808.491  515170801  0.000e+00
     8.7543   3.746018    809.202  515174401  0.000e+00
     8.8070   3.751569    809.816  515178001  0.000e+00
     8.7705   3.747791    809.748  515181601  0.000e+00
     8.7521   3.745960    809.440  515185201  0.000e+00
     8.7413   3.745019    808.606  515188801  0.000e+00
     8.7572   3.746462    807.705  515192401  0.000e+00
     8.7930   3.750014    807.521  515196001  0.000e+00
     8.7586   3.746507    807.115  515199601  0.000e+00
     8.7492   3.745573    807.328  515203201  0.000e+00
     8.7916   3.749711    808.091  515206801  0.000e+00
     8.8367   3.754523    808.328  515210401  0.000e+00
     8.7614   3.747055    808.325  515214001  0.000e+00
     8.7915   3.750234    807.640  515217601  0.000e+00
     8.8314   3.753884    807.115  515221201  0.000e+00
     8.8495   3.755851    806.267  515224801  0.000e+00
     8.8022   3.750755    805.668  515228401  0.000e+00
     8.7192   3.742112    804.811  515232001  0.000e+00
     8.7944   3.749832    803.916  515235601  0.000e+00
     8.8474   3.755437    803.705  515239201  0.000e+00
     8.6953   3.740005    803.479  515242801  0.000e+00
     8.6800   3.738382    803.171  515246401  0.000e+00
     8.6908   3.739612    803.811  515250001  0.000e+00
     8.9501   3.764996    803.892  515253601  0.000e+00
     9.0184   3.772756    803.759  515257201  0.000e+00
     9.0170   3.772588    803.714  515260801  0.000e+00
     8.9607   3.766979    803.593  515264401  0.000e+00
     8.9475   3.765590    803.305  515268001  0.000e+00
     8.9155   3.762329    803.186  515271601  0.000e+00
     8.9164   3.762336    802.905  515275201  0.000e+00
     8.8390   3.754598    802.943  515278801  0.000e+00
     8.9374   3.764467    803.092  515282401  0.000e+00
     8.9261   3.763414    803.403  515286001  0.000e+00
     8.8889   3.759367    803.397  515289601  0.000e+00
     8.8575   3.756043    803.563  515293201  0.000e+00
     8.8292   3.753257    803.631  515296801  0.000e+00
     8.9417   3.764777    803.471  515300401  0.000e+00
     8.9350   3.764112    803.545  515304001  0.000e+00
     8.9782   3.768471    803.261  515307601  0.000e+00
     9.0202   3.772730    802.911  515311201  0.000e+00
     9.0637   3.776964    802.413  515314801  0.000e+00
     9.0534   3.775968    801.938  515318401  0.000e+00
     9.0773   3.778638    801.443  515322001  0.000e+00
     8.9827   3.769026    801.271  515325601  0.000e+00
     8.9508   3.765480    801.123  515329201  0.000e+00
     9.0762   3.778224    801.084  515332801  0.000e+00
     8.9108   3.761470    801.149  515336401  0.000e+00
     8.9107   3.761367    801.502  515340001  0.000e+00
     8.9022   3.760664    802.495  515343601  0.000e+00
     8.9002   3.760528    802.922  515347201  0.000e+00
     8.8618   3.756476    803.516  515350801  0.000e+00
     8.8952   3.759986    804.011  515354401  0.000e+00
     8.8306   3.753463    804.746  515358001  0.000e+00
     8.7874   3.749233    804.461  515361601  0.000e+00
     8.7807   3.748414    804.411  515365201  0.000e+00
     8.7850   3.748833    804.838  515368801  0.000e+00
     8.7993   3.750297    804.790  515372401  0.000e+00
     8.8265   3.753076    804.773  515376001  0.000e+00
     8.8264   3.753251    804.746  515379601  0.000e+00
     8.8477   3.755179    804.752  515383201  0.000e+00
     8.9120   3.761917    804.610  515386801  0.000e+00
     8.9608   3.766773    804.589  515390401  0.000e+00
     9.0101   3.771877    804.592  515394001  0.000e+00
     9.2236   3.793604    804.248  515397601  0.000e+00
     9.2164   3.792898    803.987  515401201  0.000e+00
     9.1982   3.790890    803.492  515404801  0.000e+00
     9.1169   3.782734    803.249  515408401  0.000e+00
     9.0711   3.777630    803.222  515412001  0.000e+00
     9.0249   3.773337    802.766  515415601  0.000e+00
     9.0164   3.772206    802.789  515419201  0.000e+00
     9.0292   3.773654    802.766  515422801  0.000e+00
     9.0013   3.769485    802.908  515426401  0.000e+00
     8.8539   3.755875    803.231  515430001  0.000e+00
     8.8791   3.758496    803.966  515433601  0.000e+00
     8.9195   3.762543    804.135  515437201  0.000e+00
     9.0066   3.771392    804.284  515440801  0.000e+00
     9.0115   3.771864    804.734  515444401  0.000e+00
     8.9234   3.763079    804.776  515448001  0.000e+00
     8.9447   3.765165    804.871  515451601  0.000e+00
     8.9257   3.763195    805.060  515455201  0.000e+00
     8.8296   3.753754    805.603  515458801  0.000e+00
     8.7600   3.746597    805.926  515462401  0.000e+00
     8.7833   3.748550    806.166  515466001  0.000e+00
     8.7306   3.743607    806.685  515469601  0.000e+00
     8.7192   3.742506    807.370  515473201  0.000e+00
     8.7242   3.742532    808.413  515476801  0.000e+00
     8.7528   3.745883    809.864  515480401  0.000e+00
     8.8079   3.751234    810.466  515484001  0.000e+00
     8.8822   3.758956    810.588  515487601  0.000e+00
     8.8715   3.757968    809.778  515491201  0.000e+00
     8.8613   3.756871    809.114  515494801  0.000e+00
     8.8767   3.758381    808.073  515498401  0.000e+00
     8.8354   3.754193    807.975  515502001  0.000e+00
     8.8889   3.759297    808.141  515505601  0.000e+00
     8.8412   3.754787    807.687  515509201  0.000e+00
     8.7784   3.748422    807.901  515512801  0.000e+00
     8.7433   3.744690    807.850  515516401  0.000e+00
     8.8437   3.754729    808.301  515520001  0.000e+00
     8.7312   3.743608    809.718  515523601  0.000e+00
     8.7407   3.744626    809.792  515527201  0.000e+00
     8.7181   3.742403    809.860  515530801  0.000e+00
     8.6741   3.737804    809.694  515534401  0.000e+00
     8.7149   3.741585    809.908  515538001  0.000e+00
     8.6553   3.735995    809.671  515541601  0.000e+00
     8.6881   3.739054    809.623  515545201  0.000e+00
     8.6336   3.733485    809.573  515548801  0.000e+00
     8.7310   3.743885    809.297  515552401  0.000e+00
     8.6144   3.731785    809.288  515556001  0.000e+00
     8.7162   3.741984    808.912  515559601  0.000e+00
