data/6123_data.cnv
* Sea-Bird SBE37SM-RS232  Data File:
* FileName = C:\Documents and Settings\pgp\Desktop\jc145\wb1\6123_data.hex
* Software version SeatermV2 1.1m
* Temperature SN = 6123
* Conductivity SN = 6123
* System UpLoad Time = Mar 28 2017 17:36:35
* sample interval = 3600 seconds
* <ApplicationData>
# nquan = 5
# nvalues = 11624                                 
# units = specified
# name 0 = tv290C: Temperature [ITS-90, deg C]
# name 1 = cond0S/m: Conductivity [S/m]
# name 2 = prdM: Pressure, Strain Gauge [db]
# name 3 = timeK: Time, Instrument [seconds]
# name 4 = flag:  0.000e+00
# span 0 =     6.6874,    26.4977                 
# span 1 =   0.001126,   5.682723                 
# span 2 =     -0.789,    911.812                 
# span 3 =  502192801,  544035601                 
# span 4 = 0.0000e+00, 0.0000e+00                 
# interval = seconds: 3600
# start_time = Nov 30 2015 10:00:01 [Instrument's time stamp, first data scan]
# bad_flag = -9.990e-29
*END*
[from data line 6001]
     8.8017   3.750214    807.071  523796401  0.000e+00
     8.6993   3.740013    807.767  523800001  0.000e+00
     8.5408   3.724252    807.882  523803601  0.000e+00
     8.5630   3.725326    808.448  523807201  0.000e+00
     8.6965   3.739562    808.790  523810801  0.000e+00
     8.6774   3.737437    808.488  523814401  0.000e+00
     8.7647   3.745895    808.111  523818001  0.000e+00
     8.8377   3.753361    807.759  523821601  0.000e+00
     9.0320   3.772001    807.557  523825201  0.000e+00
     9.1101   3.780393    807.371  523828801  0.000e+00
     8.8260   3.752007    808.236  523832401  0.000e+00
     8.6715   3.737186    809.505  523836001  0.000e+00
     8.3018   3.697703    810.021  523839601  0.000e+00
     8.1750   3.687219    809.682  523843201  0.000e+00
     8.3683   3.705413    809.624  523846801  0.000e+00
     8.3463   3.702512    809.123  523850401  0.000e+00
     8.4340   3.712089    809.753  523854001  0.000e+00
     8.7122   3.741231    809.478  523857601  0.000e+00
     8.9288   3.763584    809.689  523861201  0.000e+00
     8.8699   3.757575    809.659  523864801  0.000e+00
     9.0096   3.771750    809.482  523868401  0.000e+00
     8.9954   3.770477    811.044  523872001  0.000e+00
     8.7788   3.748185    812.263  523875601  0.000e+00
     8.6098   3.731183    815.883  523879201  0.000e+00
     8.4597   3.712991    817.937  523882801  0.000e+00
     8.2605   3.695514    819.747  523886401  0.000e+00
     8.1343   3.684278    820.615  523890001  0.000e+00
     8.1455   3.685283    821.947  523893601  0.000e+00
     8.2214   3.692503    822.496  523897201  0.000e+00
     8.4937   3.719321    822.868  523900801  0.000e+00
     8.8156   3.752522    822.582  523904401  0.000e+00
     8.8454   3.755457    822.728  523908001  0.000e+00
     8.8660   3.757709    824.036  523911601  0.000e+00
     8.7863   3.749201    824.415  523915201  0.000e+00
     8.7798   3.748680    826.070  523918801  0.000e+00
     8.4269   3.712879    828.473  523922401  0.000e+00
     8.0315   3.674408    832.070  523926001  0.000e+00
     7.7547   3.647784    833.875  523929601  0.000e+00
     8.0006   3.672023    833.320  523933201  0.000e+00
     7.7837   3.650456    832.018  523936801  0.000e+00
     7.9079   3.662513    830.656  523940401  0.000e+00
     8.2621   3.696691    829.565  523944001  0.000e+00
     8.2945   3.699678    828.525  523947601  0.000e+00
     8.3946   3.709720    827.820  523951201  0.000e+00
     8.5571   3.725372    828.280  523954801  0.000e+00
     8.5252   3.722408    829.470  523958401  0.000e+00
     8.5534   3.725296    832.056  523962001  0.000e+00
     8.3959   3.710551    835.818  523965601  0.000e+00
     8.1234   3.683580    839.953  523969201  0.000e+00
     7.9034   3.662255    841.142  523972801  0.000e+00
     7.8026   3.651990    841.226  523976401  0.000e+00
     7.8579   3.657606    840.118  523980001  0.000e+00
     7.8827   3.659553    838.814  523983601  0.000e+00
     7.9269   3.664310    836.895  523987201  0.000e+00
     7.9126   3.662866    834.472  523990801  0.000e+00
     8.4480   3.715482    833.344  523994401  0.000e+00
     8.5714   3.728081    831.778  523998001  0.000e+00
     8.5510   3.726184    833.269  524001601  0.000e+00
     8.4692   3.718053    836.533  524005201  0.000e+00
     8.3647   3.707592    838.757  524008801  0.000e+00
     8.1272   3.684124    839.357  524012401  0.000e+00
     8.0962   3.681084    838.879  524016001  0.000e+00
     7.9883   3.670145    837.543  524019601  0.000e+00
     8.0302   3.674262    835.621  524023201  0.000e+00
     8.0807   3.679604    835.367  524026801  0.000e+00
     8.1056   3.682157    832.805  524030401  0.000e+00
     8.2965   3.700301    831.019  524034001  0.000e+00
     8.3745   3.707628    831.161  524037601  0.000e+00
     8.3773   3.708219    831.334  524041201  0.000e+00
     8.5782   3.728796    834.096  524044801  0.000e+00
     8.4962   3.720309    835.730  524048401  0.000e+00
     8.5679   3.727614    837.326  524052001  0.000e+00
     8.5823   3.729550    838.702  524055601  0.000e+00
     8.5112   3.721795    839.411  524059201  0.000e+00
     8.4262   3.712594    840.333  524062801  0.000e+00
     8.0711   3.677935    839.709  524066401  0.000e+00
     8.1042   3.681467    838.119  524070001  0.000e+00
     8.1778   3.689016    836.584  524073601  0.000e+00
     8.3053   3.701573    835.839  524077201  0.000e+00
     8.5085   3.721124    833.832  524080801  0.000e+00
     8.6486   3.735771    832.134  524084401  0.000e+00
     8.7296   3.743751    831.259  524088001  0.000e+00
     8.7691   3.747812    831.571  524091601  0.000e+00
     8.9860   3.770233    832.393  524095201  0.000e+00
     8.7450   3.745427    832.784  524098801  0.000e+00
     8.6713   3.737877    831.713  524102401  0.000e+00
     8.6050   3.731388    831.158  524106001  0.000e+00
     8.5873   3.729026    830.280  524109601  0.000e+00
     8.5391   3.723559    829.019  524113201  0.000e+00
     8.7302   3.741926    826.609  524116801  0.000e+00
     8.7260   3.739883    825.064  524120401  0.000e+00
     8.7231   3.742672    823.027  524124001  0.000e+00
     8.8378   3.754572    821.518  524127601  0.000e+00
     9.0545   3.776525    821.127  524131201  0.000e+00
     9.1176   3.782689    822.485  524134801  0.000e+00
     9.4468   3.817466    823.885  524138401  0.000e+00
     9.4429   3.817441    826.067  524142001  0.000e+00
     9.2412   3.796748    827.082  524145601  0.000e+00
     9.1448   3.786807    827.307  524149201  0.000e+00
     9.0600   3.777788    828.040  524152801  0.000e+00
     8.8748   3.758221    828.997  524156401  0.000e+00
     9.0495   3.775531    826.963  524160001  0.000e+00
     9.2226   3.793287    823.526  524163601  0.000e+00
     8.9707   3.767909    820.866  524167201  0.000e+00
     9.1639   3.789335    818.075  524170801  0.000e+00
     9.5619   3.827567    817.197  524174401  0.000e+00
     9.5156   3.824317    816.349  524178001  0.000e+00
     9.6907   3.842537    815.716  524181601  0.000e+00
     9.6353   3.836894    816.381  524185201  0.000e+00
     9.2583   3.797658    817.002  524188801  0.000e+00
     9.3158   3.803551    816.735  524192401  0.000e+00
     9.2034   3.792151    816.041  524196001  0.000e+00
     9.0938   3.778397    814.630  524199601  0.000e+00
     8.8688   3.757382    812.723  524203201  0.000e+00
     8.8767   3.757904    811.154  524206801  0.000e+00
     9.0586   3.774704    810.122  524210401  0.000e+00
     9.3226   3.804268    809.903  524214001  0.000e+00
     9.3611   3.808101    809.241  524217601  0.000e+00
     9.4083   3.812974    808.888  524221201  0.000e+00
     9.5499   3.827643    809.585  524224801  0.000e+00
     9.4865   3.821384    810.107  524228401  0.000e+00
     9.4946   3.821502    811.029  524232001  0.000e+00
     9.5625   3.829022    812.716  524235601  0.000e+00
     9.3583   3.808278    814.060  524239201  0.000e+00
     9.3017   3.801715    814.481  524242801  0.000e+00
     9.2444   3.796193    815.095  524246401  0.000e+00
     9.1026   3.781411    813.805  524250001  0.000e+00
     9.1688   3.788452    812.933  524253601  0.000e+00
     9.1224   3.783494    812.664  524257201  0.000e+00
     9.0280   3.773334    812.041  524260801  0.000e+00
     9.0915   3.779606    811.572  524264401  0.000e+00
     8.9847   3.768429    811.142  524268001  0.000e+00
     9.1048   3.781210    810.647  524271601  0.000e+00
     9.1837   3.789721    811.270  524275201  0.000e+00
     9.2168   3.793497    812.578  524278801  0.000e+00
     9.1521   3.786704    812.429  524282401  0.000e+00
     8.9470   3.763140    812.773  524286001  0.000e+00
     8.8351   3.753969    812.503  524289601  0.000e+00
     8.7082   3.741489    812.283  524293201  0.000e+00
     8.6768   3.738250    812.236  524296801  0.000e+00
     8.9222   3.762765    811.987  524300401  0.000e+00
     8.9186   3.761693    811.133  524304001  0.000e+00
     9.0219   3.772713    811.068  524307601  0.000e+00
     9.2049   3.789429    811.409  524311201  0.000e+00
     9.2797   3.798641    811.634  524314801  0.000e+00
     9.3741   3.809770    812.302  524318401  0.000e+00
     9.3649   3.808583    812.847  524322001  0.000e+00
     9.2126   3.792636    814.167  524325601  0.000e+00
     9.1942   3.790700    815.110  524329201  0.000e+00
     8.8256   3.753745    815.827  524332801  0.000e+00
     8.7461   3.745975    815.465  524336401  0.000e+00
     8.7545   3.746246    815.086  524340001  0.000e+00
     8.6992   3.740685    814.317  524343601  0.000e+00
     8.6754   3.738134    813.585  524347201  0.000e+00
     8.8372   3.753312    813.333  524350801  0.000e+00
     8.9422   3.763198    812.675  524354401  0.000e+00
     9.1383   3.783909    812.945  524358001  0.000e+00
     9.1312   3.784277    812.168  524361601  0.000e+00
     9.0026   3.770109    812.423  524365201  0.000e+00
     8.7744   3.747231    812.642  524368801  0.000e+00
     8.7101   3.741721    812.260  524372401  0.000e+00
     8.6574   3.736305    812.731  524376001  0.000e+00
     8.6643   3.736621    812.517  524379601  0.000e+00
     8.6784   3.738134    812.538  524383201  0.000e+00
     8.5906   3.729509    811.776  524386801  0.000e+00
     8.6608   3.736678    811.239  524390401  0.000e+00
     8.6764   3.737889    811.138  524394001  0.000e+00
     8.6692   3.737534    810.782  524397601  0.000e+00
     8.8110   3.748738    810.751  524401201  0.000e+00
     9.0546   3.774051    809.858  524404801  0.000e+00
     9.2175   3.793237    809.944  524408401  0.000e+00
     9.2178   3.792926    810.253  524412001  0.000e+00
     9.2116   3.792784    810.798  524415601  0.000e+00
     8.7460   3.744401    811.643  524419201  0.000e+00
     8.6415   3.733801    811.897  524422801  0.000e+00
     8.5350   3.723560    812.342  524426401  0.000e+00
     8.5163   3.721907    812.081  524430001  0.000e+00
     8.5699   3.726324    811.677  524433601  0.000e+00
     8.6733   3.737045    811.521  524437201  0.000e+00
     8.8370   3.753910    810.419  524440801  0.000e+00
     8.9014   3.760957    809.900  524444401  0.000e+00
     8.9025   3.759833    809.161  524448001  0.000e+00
     8.9486   3.765160    808.358  524451601  0.000e+00
     8.9824   3.768609    807.510  524455201  0.000e+00
     8.9612   3.766309    806.795  524458801  0.000e+00
     8.9406   3.764003    806.768  524462401  0.000e+00
     8.8148   3.750504    806.599  524466001  0.000e+00
     8.7857   3.747822    807.044  524469601  0.000e+00
     8.7829   3.746526    806.780  524473201  0.000e+00
     8.7054   3.740135    806.851  524476801  0.000e+00
     8.6785   3.734951    807.014  524480401  0.000e+00
     8.7242   3.741571    807.034  524484001  0.000e+00
     8.9893   3.769422    807.032  524487601  0.000e+00
     8.9883   3.769377    807.578  524491201  0.000e+00
     9.0363   3.774328    807.537  524494801  0.000e+00
     9.0394   3.774897    807.468  524498401  0.000e+00
     9.1274   3.783732    807.563  524502001  0.000e+00
     9.0360   3.774315    807.848  524505601  0.000e+00
     9.2534   3.796333    808.118  524509201  0.000e+00
     8.9593   3.766607    809.476  524512801  0.000e+00
     8.8707   3.757562    810.229  524516401  0.000e+00
     8.8660   3.757175    809.992  524520001  0.000e+00
     8.7363   3.741836    809.698  524523601  0.000e+00
     8.6832   3.738383    808.390  524527201  0.000e+00
     8.6597   3.734211    807.509  524530801  0.000e+00
     8.6893   3.738808    806.939  524534401  0.000e+00
     8.9365   3.763177    807.029  524538001  0.000e+00
     8.9796   3.768460    806.771  524541601  0.000e+00
     9.0162   3.770773    806.866  524545201  0.000e+00
     9.2137   3.790800    806.383  524548801  0.000e+00
     8.9637   3.766237    805.968  524552401  0.000e+00
     8.9053   3.761007    806.413  524556001  0.000e+00
     8.6552   3.734970    806.726  524559601  0.000e+00
     8.9947   3.769377    806.297  524563201  0.000e+00
     9.1684   3.787557    806.451  524566801  0.000e+00
     9.0332   3.773300    806.377  524570401  0.000e+00
     9.1691   3.787757    806.353  524574001  0.000e+00
     9.2691   3.797985    806.006  524577601  0.000e+00
     9.2519   3.795561    805.956  524581201  0.000e+00
     9.2789   3.799145    806.270  524584801  0.000e+00
     9.2581   3.794576    806.552  524588401  0.000e+00
     9.0868   3.780070    807.332  524592001  0.000e+00
     9.1255   3.783001    807.207  524595601  0.000e+00
     9.1052   3.781390    807.041  524599201  0.000e+00
     9.0732   3.778214    806.828  524602801  0.000e+00
     8.9709   3.767859    807.059  524606401  0.000e+00
     8.9515   3.765818    806.653  524610001  0.000e+00
     9.2532   3.796941    806.365  524613601  0.000e+00
     9.1829   3.788521    805.959  524617201  0.000e+00
     9.1895   3.790191    805.458  524620801  0.000e+00
     9.0966   3.780600    804.838  524624401  0.000e+00
     9.2452   3.795943    804.512  524628001  0.000e+00
     9.2794   3.799274    804.488  524631601  0.000e+00
     9.2848   3.800091    804.325  524635201  0.000e+00
     9.2398   3.795392    804.678  524638801  0.000e+00
     9.1739   3.788275    804.749  524642401  0.000e+00
     9.1640   3.787498    804.699  524646001  0.000e+00
     9.0323   3.774004    805.642  524649601  0.000e+00
     8.8945   3.760052    805.748  524653201  0.000e+00
     8.8819   3.758664    806.413  524656801  0.000e+00
     8.8560   3.756103    806.718  524660401  0.000e+00
     8.9053   3.760413    806.626  524664001  0.000e+00
     8.9283   3.763138    807.006  524667601  0.000e+00
     8.9890   3.769565    807.201  524671201  0.000e+00
     9.0989   3.780193    807.376  524674801  0.000e+00
     9.1059   3.781086    808.133  524678401  0.000e+00
     9.0910   3.780303    808.702  524682001  0.000e+00
     9.0828   3.779424    808.678  524685601  0.000e+00
     9.1533   3.785758    808.966  524689201  0.000e+00
     9.1825   3.789474    809.322  524692801  0.000e+00
     8.9313   3.763908    810.638  524696401  0.000e+00
     8.9981   3.770794    812.115  524700001  0.000e+00
     8.8657   3.757247    813.170  524703601  0.000e+00
     8.8412   3.754143    812.625  524707201  0.000e+00
     8.9972   3.769695    811.190  524710801  0.000e+00
     8.9086   3.760408    811.041  524714401  0.000e+00
     8.7624   3.746721    810.887  524718001  0.000e+00
     8.9171   3.759685    809.799  524721601  0.000e+00
     9.0198   3.772338    809.580  524725201  0.000e+00
     9.1618   3.786315    809.156  524728801  0.000e+00
     9.0661   3.777154    809.817  524732401  0.000e+00
     8.8388   3.752427    810.015  524736001  0.000e+00
     9.0563   3.774548    809.645  524739601  0.000e+00
     8.8397   3.754536    809.852  524743201  0.000e+00
     8.6817   3.738564    809.813  524746801  0.000e+00
     8.6418   3.733748    809.101  524750401  0.000e+00
     8.6682   3.736838    808.410  524754001  0.000e+00
     8.7806   3.747713    807.806  524757601  0.000e+00
     8.8196   3.752400    807.498  524761201  0.000e+00
     8.9487   3.764488    807.531  524764801  0.000e+00
     9.0330   3.773921    807.418  524768401  0.000e+00
     9.0479   3.775408    808.082  524772001  0.000e+00
     9.0189   3.772809    808.296  524775601  0.000e+00
     9.0568   3.776578    808.367  524779201  0.000e+00
     8.8885   3.759220    809.402  524782801  0.000e+00
     8.8921   3.759195    810.988  524786401  0.000e+00
     8.8395   3.754575    811.910  524790001  0.000e+00
     8.7562   3.745832    811.761  524793601  0.000e+00
     8.7370   3.743415    810.199  524797201  0.000e+00
     8.9476   3.765128    809.283  524800801  0.000e+00
     8.9929   3.769972    808.411  524804401  0.000e+00
     8.9723   3.767659    808.097  524808001  0.000e+00
     9.0641   3.777367    807.587  524811601  0.000e+00
     8.9948   3.769836    808.218  524815201  0.000e+00
