data/6123_data.cnv
* Sea-Bird SBE37SM-RS232  Data File:
* FileName = C:\Documents and Settings\pgp\Desktop\jc145\wb1\6123_data.hex
* Software version SeatermV2 1.1m
* Temperature SN = 6123
* Conductivity SN = 6123
* System UpLoad Time = Mar 28 2017 17:36:35
* sample interval = 3600 seconds
* <ApplicationData>
# nquan = 5
# nvalues = 11624                                 
# units = specified
# name 0 = tv290C: Temperature [ITS-90, deg C]
# name 1 = cond0S/m: Conductivity [S/m]
# name 2 = prdM: Pressure, Strain Gauge [db]
# name 3 = timeK: Time, Instrument [seconds]
# name 4 = flag:  0.000e+00
# span 0 =     6.6874,    26.4977                 
# span 1 =   0.001126,   5.682723                 
# span 2 =     -0.789,    911.812                 
# span 3 =  502192801,  544035601                 
# span 4 = 0.0000e+00, 0.0000e+00                 
# interval = seconds: 3600
# start_time = Nov 30 2015 10:00:01 [Instrument's time stamp, first data scan]
# bad_flag = -9.990e-29
*END*
[from data line 5715]
     8.8705   3.756249    801.692  522766801  0.000e+00
     8.9060   3.760237    801.882  522770401  0.000e+00
     8.9262   3.761561    802.003  522774001  0.000e+00
     9.0178   3.770719    802.122  522777601  0.000e+00
     9.0260   3.772839    802.173  522781201  0.000e+00
     9.1153   3.781808    802.223  522784801  0.000e+00
     9.0828   3.778373    802.104  522788401  0.000e+00
     8.9693   3.766003    801.935  522792001  0.000e+00
     9.0384   3.773285    801.867  522795601  0.000e+00
     9.0902   3.779648    801.636  522799201  0.000e+00
     9.0376   3.773382    801.654  522802801  0.000e+00
     9.0608   3.776330    801.725  522806401  0.000e+00
     8.9833   3.767650    801.864  522810001  0.000e+00
     8.9377   3.762897    802.119  522813601  0.000e+00
     8.8375   3.752682    802.424  522817201  0.000e+00
     8.8866   3.758385    802.593  522820801  0.000e+00
     8.7937   3.749187    802.703  522824401  0.000e+00
     8.7610   3.745461    802.584  522828001  0.000e+00
     8.7504   3.744926    802.560  522831601  0.000e+00
     8.9541   3.764744    802.380  522835201  0.000e+00
     9.0015   3.770170    801.983  522838801  0.000e+00
     9.0021   3.770248    801.891  522842401  0.000e+00
     8.9956   3.769802    801.529  522846001  0.000e+00
     9.1130   3.781957    801.325  522849601  0.000e+00
     9.0917   3.780003    801.443  522853201  0.000e+00
     9.0704   3.777623    801.633  522856801  0.000e+00
     8.9065   3.759379    801.855  522860401  0.000e+00
     8.9308   3.762910    802.143  522864001  0.000e+00
     8.8027   3.749864    802.326  522867601  0.000e+00
     8.8113   3.748432    802.374  522871201  0.000e+00
     8.9164   3.760257    802.353  522874801  0.000e+00
     8.8279   3.751218    802.306  522878401  0.000e+00
     8.9391   3.761541    802.238  522882001  0.000e+00
     9.0962   3.779835    802.012  522885601  0.000e+00
     9.1877   3.789167    801.683  522889201  0.000e+00
     9.0501   3.775173    801.538  522892801  0.000e+00
     8.9282   3.762142    801.597  522896401  0.000e+00
     8.9425   3.762961    801.743  522900001  0.000e+00
     8.8696   3.755939    802.214  522903601  0.000e+00
     8.8416   3.753153    802.424  522907201  0.000e+00
     8.9505   3.764434    802.499  522910801  0.000e+00
     9.0122   3.770674    802.499  522914401  0.000e+00
     8.8361   3.752908    802.614  522918001  0.000e+00
     9.1746   3.788015    802.490  522921601  0.000e+00
     9.1902   3.789860    802.327  522925201  0.000e+00
     9.2747   3.798878    802.095  522928801  0.000e+00
     8.9763   3.767140    801.772  522932401  0.000e+00
     9.1957   3.790397    801.425  522936001  0.000e+00
     8.9719   3.766701    801.440  522939601  0.000e+00
     8.8661   3.755836    801.645  522943201  0.000e+00
     8.7386   3.743090    801.825  522946801  0.000e+00
     8.7614   3.745223    802.059  522950401  0.000e+00
     9.1372   3.784254    802.060  522954001  0.000e+00
     9.1012   3.780832    802.371  522957601  0.000e+00
     9.1436   3.785374    802.490  522961201  0.000e+00
     9.3560   3.806211    802.451  522964801  0.000e+00
     9.3458   3.806062    802.528  522968401  0.000e+00
     9.3991   3.811161    802.460  522972001  0.000e+00
     9.3025   3.800783    802.333  522975601  0.000e+00
     9.2713   3.797944    802.146  522979201  0.000e+00
     9.1436   3.785108    802.039  522982801  0.000e+00
     9.1068   3.781291    802.036  522986401  0.000e+00
     9.0710   3.777539    802.178  522990001  0.000e+00
     9.0634   3.776395    802.389  522993601  0.000e+00
     9.2001   3.788798    802.685  522997201  0.000e+00
     9.0720   3.776427    802.866  523000801  0.000e+00
     9.1675   3.787355    802.991  523004401  0.000e+00
     9.2603   3.796992    802.854  523008001  0.000e+00
     9.1842   3.789116    802.777  523011601  0.000e+00
     9.1672   3.786785    802.514  523015201  0.000e+00
     9.2760   3.798800    802.190  523018801  0.000e+00
     9.2019   3.790799    801.950  523022401  0.000e+00
     9.0423   3.774643    801.725  523026001  0.000e+00
     9.0211   3.772451    801.796  523029601  0.000e+00
     9.0269   3.773014    802.081  523033201  0.000e+00
     9.0003   3.770106    802.436  523036801  0.000e+00
     9.1707   3.788345    802.540  523040401  0.000e+00
     9.1437   3.785193    802.991  523044001  0.000e+00
     9.1471   3.785607    803.296  523047601  0.000e+00
     9.0967   3.780606    803.415  523051201  0.000e+00
     9.1025   3.781265    803.554  523054801  0.000e+00
     9.0850   3.779208    803.554  523058401  0.000e+00
     9.1033   3.781097    803.415  523062001  0.000e+00
     9.2190   3.792451    803.062  523065601  0.000e+00
     9.1535   3.785361    802.869  523069201  0.000e+00
     9.0891   3.778910    802.537  523072801  0.000e+00
     9.0207   3.772161    802.436  523076401  0.000e+00
     9.0093   3.771114    802.742  523080001  0.000e+00
     8.9494   3.764486    802.715  523083601  0.000e+00
     8.9023   3.759489    803.095  523087201  0.000e+00
     9.0024   3.770177    803.519  523090801  0.000e+00
     8.9239   3.762239    803.661  523094401  0.000e+00
     8.9528   3.765126    803.779  523098001  0.000e+00
     9.1669   3.787089    803.513  523101601  0.000e+00
     9.1170   3.781912    803.344  523105201  0.000e+00
     9.0905   3.779337    803.009  523108801  0.000e+00
     9.0589   3.776162    802.700  523112401  0.000e+00
     9.0792   3.777934    802.436  523116001  0.000e+00
     9.2195   3.792716    802.404  523119601  0.000e+00
     9.0713   3.777455    802.724  523123201  0.000e+00
     8.9876   3.768710    803.193  523126801  0.000e+00
     8.8837   3.758128    803.708  523130401  0.000e+00
     8.9321   3.763356    804.230  523134001  0.000e+00
     8.9443   3.764726    804.992  523137601  0.000e+00
     8.9721   3.767968    805.277  523141201  0.000e+00
     9.0101   3.771625    805.636  523144801  0.000e+00
     9.1448   3.785692    805.594  523148401  0.000e+00
     9.3297   3.804746    805.158  523152001  0.000e+00
     9.4414   3.814686    804.455  523155601  0.000e+00
     9.3355   3.805245    804.117  523159201  0.000e+00
     9.2452   3.795709    804.043  523162801  0.000e+00
     9.0326   3.774062    803.860  523166401  0.000e+00
     8.8592   3.756030    803.726  523170001  0.000e+00
     8.7471   3.744869    803.913  523173601  0.000e+00
     8.7926   3.749407    804.150  523177201  0.000e+00
     8.6950   3.739258    804.404  523180801  0.000e+00
     8.8437   3.754695    804.539  523184401  0.000e+00
     9.0402   3.774514    804.287  523188001  0.000e+00
     9.2250   3.793759    803.963  523191601  0.000e+00
     9.2104   3.792302    803.373  523195201  0.000e+00
     9.2928   3.800874    802.759  523198801  0.000e+00
     9.3274   3.804090    802.359  523202401  0.000e+00
     9.0725   3.777889    802.253  523206001  0.000e+00
     9.0463   3.774979    802.247  523209601  0.000e+00
     8.9829   3.768497    802.552  523213201  0.000e+00
     8.9753   3.767870    803.026  523216801  0.000e+00
     8.7336   3.742614    803.675  523220401  0.000e+00
     8.6459   3.733251    804.117  523224001  0.000e+00
     8.6256   3.731687    804.994  523227601  0.000e+00
     8.8643   3.756289    805.674  523231201  0.000e+00
     8.9426   3.764668    805.440  523234801  0.000e+00
     8.9595   3.766418    805.280  523238401  0.000e+00
     8.9357   3.763906    804.921  523242001  0.000e+00
     9.1465   3.785724    804.388  523245601  0.000e+00
     8.9911   3.769602    804.213  523249201  0.000e+00
     8.7873   3.748556    803.536  523252801  0.000e+00
     8.6285   3.732742    803.147  523256401  0.000e+00
     8.5919   3.728823    803.198  523260001  0.000e+00
     8.5253   3.720393    803.369  523263601  0.000e+00
     8.6346   3.732485    803.456  523267201  0.000e+00
     8.7492   3.744985    803.838  523270801  0.000e+00
     8.8558   3.755753    804.129  523274401  0.000e+00
     8.8603   3.756373    804.417  523278001  0.000e+00
     9.0394   3.774288    803.978  523281601  0.000e+00
     9.0452   3.774772    803.453  523285201  0.000e+00
     9.0517   3.775322    803.077  523288801  0.000e+00
     9.0187   3.771321    802.932  523292401  0.000e+00
     8.9105   3.761400    802.926  523296001  0.000e+00
     8.9390   3.764486    802.973  523299601  0.000e+00
     8.9551   3.766081    802.881  523303201  0.000e+00
     8.7997   3.750032    803.346  523306801  0.000e+00
     8.7304   3.742871    803.981  523310401  0.000e+00
     8.7020   3.740346    804.384  523314001  0.000e+00
     8.7523   3.745378    804.692  523317601  0.000e+00
     8.8600   3.756476    805.054  523321201  0.000e+00
     8.9917   3.769428    805.138  523324801  0.000e+00
     9.3606   3.806659    804.316  523328401  0.000e+00
     9.0408   3.773531    803.839  523332001  0.000e+00
     8.9937   3.769240    803.145  523335601  0.000e+00
     8.9750   3.767457    802.623  523339201  0.000e+00
     8.8265   3.751553    802.353  523342801  0.000e+00
     8.7579   3.745635    802.195  523346401  0.000e+00
     8.7406   3.743663    802.418  523350001  0.000e+00
     8.9351   3.763039    802.617  523353601  0.000e+00
     8.8163   3.750689    803.082  523357201  0.000e+00
     8.8831   3.756669    803.424  523360801  0.000e+00
     9.0882   3.779648    803.628  523364401  0.000e+00
     9.1384   3.785860    803.531  523368001  0.000e+00
     9.1697   3.788540    804.035  523371601  0.000e+00
     9.1778   3.789433    803.987  523375201  0.000e+00
     9.3678   3.806951    803.477  523378801  0.000e+00
     9.1488   3.786144    803.252  523382401  0.000e+00
     9.1126   3.782275    803.130  523386001  0.000e+00
     8.7419   3.743979    803.272  523389601  0.000e+00
     9.0322   3.771760    803.768  523393201  0.000e+00
     8.7860   3.748362    804.197  523396801  0.000e+00
     8.9894   3.767968    804.396  523400401  0.000e+00
     9.0495   3.775167    804.690  523404001  0.000e+00
     9.1763   3.788423    804.557  523407601  0.000e+00
     9.1027   3.781557    804.316  523411201  0.000e+00
     9.1852   3.789880    804.153  523414801  0.000e+00
     9.1932   3.790767    804.014  523418401  0.000e+00
     9.2502   3.796636    803.563  523422001  0.000e+00
     9.2864   3.799954    803.121  523425601  0.000e+00
     9.1880   3.790300    802.706  523429201  0.000e+00
     9.0176   3.772626    802.605  523432801  0.000e+00
     8.8867   3.757417    802.546  523436401  0.000e+00
     8.7366   3.744488    802.629  523440001  0.000e+00
     8.7706   3.747008    802.706  523443601  0.000e+00
     8.9145   3.759592    803.183  523447201  0.000e+00
     8.9532   3.766043    803.566  523450801  0.000e+00
     9.1408   3.784332    803.676  523454401  0.000e+00
     9.2038   3.791292    803.516  523458001  0.000e+00
     9.0941   3.780334    803.462  523461601  0.000e+00
     9.1664   3.787458    802.938  523465201  0.000e+00
     9.1213   3.783103    802.727  523468801  0.000e+00
     9.0215   3.773001    802.413  523472401  0.000e+00
     9.0324   3.773596    802.460  523476001  0.000e+00
     8.8623   3.755288    802.543  523479601  0.000e+00
     8.7574   3.746112    802.916  523483201  0.000e+00
     8.7202   3.742285    803.364  523486801  0.000e+00
     8.6889   3.738066    803.977  523490401  0.000e+00
     8.6598   3.736090    804.310  523494001  0.000e+00
     8.7401   3.744257    804.550  523497601  0.000e+00
     8.8298   3.753134    804.515  523501201  0.000e+00
     9.1013   3.779390    804.219  523504801  0.000e+00
     9.1461   3.784086    803.866  523508401  0.000e+00
     9.1241   3.781226    803.365  523512001  0.000e+00
     9.0585   3.776389    802.982  523515601  0.000e+00
     8.9575   3.766133    802.763  523519201  0.000e+00
     8.8737   3.757959    802.401  523522801  0.000e+00
     8.8239   3.752798    802.448  523526401  0.000e+00
     8.6435   3.734718    802.818  523530001  0.000e+00
     8.6891   3.738884    803.171  523533601  0.000e+00
     8.7961   3.749645    803.580  523537201  0.000e+00
     9.0112   3.771580    803.830  523540801  0.000e+00
     8.9077   3.761762    804.260  523544401  0.000e+00
     8.9276   3.763130    804.177  523548001  0.000e+00
     9.1419   3.783866    804.106  523551601  0.000e+00
     9.0221   3.772930    803.572  523555201  0.000e+00
     9.0285   3.773447    803.504  523558801  0.000e+00
     8.9876   3.769279    803.095  523562401  0.000e+00
     8.7897   3.748858    803.201  523566001  0.000e+00
     8.7213   3.742105    803.222  523569601  0.000e+00
     8.6359   3.732916    803.690  523573201  0.000e+00
     8.4269   3.712267    804.321  523576801  0.000e+00
     8.4968   3.718562    804.798  523580401  0.000e+00
     8.7032   3.739857    804.923  523584001  0.000e+00
     8.7044   3.739999    805.353  523587601  0.000e+00
     9.1187   3.781072    805.639  523591201  0.000e+00
     9.1280   3.782042    805.147  523594801  0.000e+00
     9.2107   3.792030    804.915  523598401  0.000e+00
     9.1169   3.781576    804.767  523602001  0.000e+00
     9.1646   3.786714    804.103  523605601  0.000e+00
     8.9428   3.763853    803.664  523609201  0.000e+00
     8.6739   3.737223    803.245  523612801  0.000e+00
     8.7133   3.741712    803.225  523616401  0.000e+00
     8.7409   3.744437    803.299  523620001  0.000e+00
     8.7706   3.746951    803.571  523623601  0.000e+00
     8.8788   3.758115    804.058  523627201  0.000e+00
     8.8966   3.760103    804.464  523630801  0.000e+00
     8.9279   3.763131    804.559  523634401  0.000e+00
     9.0921   3.779629    804.737  523638001  0.000e+00
     9.0869   3.778905    804.432  523641601  0.000e+00
     9.0160   3.771909    804.213  523645201  0.000e+00
     8.8396   3.754224    803.682  523648801  0.000e+00
     8.7849   3.748601    803.201  523652401  0.000e+00
     8.7223   3.742169    803.008  523656001  0.000e+00
     8.6678   3.736604    803.198  523659601  0.000e+00
     8.4696   3.714803    803.348  523663201  0.000e+00
     8.4915   3.718054    803.683  523666801  0.000e+00
     8.6163   3.731578    803.903  523670401  0.000e+00
     8.8129   3.748678    803.939  523674001  0.000e+00
     8.9872   3.768413    803.969  523677601  0.000e+00
     9.1745   3.787614    803.794  523681201  0.000e+00
     9.2449   3.795178    803.848  523684801  0.000e+00
     9.2447   3.794698    803.516  523688401  0.000e+00
     9.1435   3.785031    803.186  523692001  0.000e+00
     9.0426   3.774740    803.104  523695601  0.000e+00
     9.0268   3.772988    802.816  523699201  0.000e+00
     8.8292   3.753211    802.922  523702801  0.000e+00
     8.8555   3.755953    803.495  523706401  0.000e+00
     8.8591   3.756198    804.177  523710001  0.000e+00
     8.9004   3.760264    804.776  523713601  0.000e+00
     8.7540   3.744895    805.428  523717201  0.000e+00
     8.8209   3.752148    805.621  523720801  0.000e+00
     8.8435   3.754399    805.674  523724401  0.000e+00
     8.8660   3.756838    805.529  523728001  0.000e+00
     9.0521   3.774993    805.236  523731601  0.000e+00
     8.8508   3.754554    805.200  523735201  0.000e+00
     8.8328   3.753399    805.389  523738801  0.000e+00
     8.6651   3.736315    805.211  523742401  0.000e+00
     8.6068   3.730336    805.320  523746001  0.000e+00
     8.4453   3.713584    805.788  523749601  0.000e+00
     8.4239   3.711914    806.164  523753201  0.000e+00
     8.3970   3.708980    806.381  523756801  0.000e+00
     8.4125   3.710316    806.849  523760401  0.000e+00
     8.5594   3.725512    806.740  523764001  0.000e+00
     8.7434   3.743897    806.471  523767601  0.000e+00
     8.7488   3.744515    806.139  523771201  0.000e+00
     8.9861   3.768724    805.731  523774801  0.000e+00
     9.0852   3.779164    805.499  523778401  0.000e+00
     9.1371   3.784961    805.455  523782001  0.000e+00
     8.9165   3.761401    805.562  523785601  0.000e+00
     8.9175   3.762033    805.748  523789201  0.000e+00
