data/6123_data.cnv
* Sea-Bird SBE37SM-RS232  Data File:
* FileName = C:\Documents and Settings\pgp\Desktop\jc145\wb1\6123_data.hex
* Software version SeatermV2 1.1m
* Temperature SN = 6123
* Conductivity SN = 6123
* System UpLoad Time = Mar 28 2017 17:36:35
* sample interval = 3600 seconds
* <ApplicationData>
# nquan = 5
# nvalues = 11624                                 
# units = specified
# name 0 = tv290C: Temperature [ITS-90, deg C]
# name 1 = cond0S/m: Conductivity [S/m]
# name 2 = prdM: Pressure, Strain Gauge [db]
# name 3 = timeK: Time, Instrument [seconds]
# name 4 = flag:  0.000e+00
# span 0 =     6.6874,    26.4977                 
# span 1 =   0.001126,   5.682723                 
# span 2 =     -0.789,    911.812                 
# span 3 =  502192801,  544035601                 
# span 4 = 0.0000e+00, 0.0000e+00                 
# interval = seconds: 3600
# start_time = Nov 30 2015 10:00:01 [Instrument's time stamp, first data scan]
# bad_flag = -9.990e-29
*END*
[from data line 9715]
     8.9548   3.766263    805.846  537166801  0.000e+00
     8.7637   3.746500    804.838  537170401  0.000e+00
     8.8614   3.755824    804.221  537174001  0.000e+00
     8.7892   3.748472    803.509  537177601  0.000e+00
     8.9003   3.760309    802.783  537181201  0.000e+00
     9.0331   3.773977    802.439  537184801  0.000e+00
     8.9732   3.767786    802.051  537188401  0.000e+00
     9.0800   3.778024    801.725  537192001  0.000e+00
     9.1205   3.783309    801.538  537195601  0.000e+00
     9.1990   3.791019    801.544  537199201  0.000e+00
     9.0792   3.779052    801.467  537202801  0.000e+00
     9.0937   3.781549    801.585  537206401  0.000e+00
     9.0622   3.778322    801.725  537210001  0.000e+00
     9.0063   3.772671    802.075  537213601  0.000e+00
     9.0691   3.779189    802.626  537217201  0.000e+00
     9.1136   3.783148    802.893  537220801  0.000e+00
     9.1979   3.791427    802.469  537224401  0.000e+00
     9.2815   3.800245    802.072  537228001  0.000e+00
     9.2777   3.799720    801.739  537231601  0.000e+00
     9.2885   3.801003    801.194  537235201  0.000e+00
     9.1046   3.781931    800.972  537238801  0.000e+00
     9.0411   3.775974    800.729  537242401  0.000e+00
     8.7791   3.747852    800.764  537246001  0.000e+00
     9.0152   3.772988    800.915  537249601  0.000e+00
     8.9753   3.766649    801.336  537253201  0.000e+00
     8.7933   3.750999    801.686  537256801  0.000e+00
     8.7991   3.750167    802.137  537260401  0.000e+00
     8.7380   3.745474    802.062  537264001  0.000e+00
     8.6634   3.737454    802.175  537267601  0.000e+00
     8.6200   3.732574    802.195  537271201  0.000e+00
     8.5837   3.729653    802.542  537274801  0.000e+00
     8.6696   3.738343    803.168  537278401  0.000e+00
     8.5683   3.727061    803.334  537282001  0.000e+00
     8.6133   3.732498    803.500  537285601  0.000e+00
     8.5989   3.730825    805.059  537289201  0.000e+00
     8.3130   3.702005    807.059  537292801  0.000e+00
     8.0569   3.677585    808.635  537296401  0.000e+00
     8.0240   3.674260    809.692  537300001  0.000e+00
     8.0112   3.673167    811.305  537303601  0.000e+00
     7.9470   3.665247    812.013  537307201  0.000e+00
     7.7769   3.650181    811.284  537310801  0.000e+00
     7.8751   3.659492    810.089  537314401  0.000e+00
     7.8476   3.656580    808.875  537318001  0.000e+00
     7.8822   3.660002    808.069  537321601  0.000e+00
     7.9624   3.666505    808.208  537325201  0.000e+00
     7.8299   3.654378    808.868  537328801  0.000e+00
     7.8484   3.652049    810.400  537332401  0.000e+00
     7.7690   3.649129    811.359  537336001  0.000e+00
     7.7674   3.648836    812.541  537339601  0.000e+00
     7.7807   3.649652    812.996  537343201  0.000e+00
     7.7560   3.646999    813.040  537346801  0.000e+00
     7.7487   3.644882    812.253  537350401  0.000e+00
     7.7401   3.643868    810.312  537354001  0.000e+00
     7.8837   3.660500    808.306  537357601  0.000e+00
     7.9131   3.662518    807.120  537361201  0.000e+00
     8.3299   3.703243    805.924  537364801  0.000e+00
     8.2949   3.700658    805.467  537368401  0.000e+00
     8.4304   3.714406    804.741  537372001  0.000e+00
     8.4492   3.716076    804.385  537375601  0.000e+00
     8.5078   3.721808    803.894  537379201  0.000e+00
     8.4296   3.714663    804.199  537382801  0.000e+00
     8.1358   3.685578    804.894  537386401  0.000e+00
     8.1607   3.686718    805.456  537390001  0.000e+00
     8.0298   3.674661    806.517  537393601  0.000e+00
     7.8849   3.660353    807.808  537397201  0.000e+00
     7.9362   3.664933    808.740  537400801  0.000e+00
     7.8974   3.660794    809.306  537404401  0.000e+00
     7.8987   3.661854    809.160  537408001  0.000e+00
     8.0539   3.676735    808.760  537411601  0.000e+00
     8.2422   3.695869    808.571  537415201  0.000e+00
     8.2667   3.698408    808.760  537418801  0.000e+00
     8.3340   3.704906    809.031  537422401  0.000e+00
     8.3046   3.701839    809.262  537426001  0.000e+00
     8.1856   3.689218    809.513  537429601  0.000e+00
     8.1623   3.687437    810.489  537433201  0.000e+00
     8.1353   3.684940    809.869  537436801  0.000e+00
     8.1180   3.682737    809.770  537440401  0.000e+00
     8.0223   3.672725    810.068  537444001  0.000e+00
     8.1268   3.683147    809.536  537447601  0.000e+00
     8.1750   3.688442    809.089  537451201  0.000e+00
     8.1598   3.686258    808.232  537454801  0.000e+00
     8.2492   3.694907    807.551  537458401  0.000e+00
     8.3605   3.704879    806.591  537462001  0.000e+00
     8.3795   3.707465    806.090  537465601  0.000e+00
     8.3834   3.707427    806.303  537469201  0.000e+00
     8.4003   3.709725    807.045  537472801  0.000e+00
     8.2143   3.690870    807.883  537476401  0.000e+00
     8.3975   3.709141    807.845  537480001  0.000e+00
     8.3059   3.700158    808.696  537483601  0.000e+00
     8.3271   3.702352    809.269  537487201  0.000e+00
     8.3368   3.703328    809.672  537490801  0.000e+00
     8.3753   3.706979    811.095  537494401  0.000e+00
     8.5373   3.723655    810.800  537498001  0.000e+00
     8.6636   3.736504    811.565  537501601  0.000e+00
     8.7385   3.744318    812.073  537505201  0.000e+00
     8.7358   3.744105    812.781  537508801  0.000e+00
     8.5110   3.721065    812.057  537512401  0.000e+00
     8.3731   3.706954    811.597  537516001  0.000e+00
     8.3104   3.698960    812.586  537519601  0.000e+00
     8.2808   3.698967    812.325  537523201  0.000e+00
     8.1882   3.688341    813.003  537526801  0.000e+00
     8.3844   3.708257    813.305  537530401  0.000e+00
     8.5294   3.722711    812.765  537534001  0.000e+00
     8.5597   3.725694    812.013  537537601  0.000e+00
     8.7072   3.741534    809.505  537541201  0.000e+00
     8.7530   3.746617    807.847  537544801  0.000e+00
     8.6832   3.739497    806.709  537548401  0.000e+00
     8.7000   3.741030    805.475  537552001  0.000e+00
     8.6224   3.733135    804.215  537555601  0.000e+00
     8.9278   3.764060    803.776  537559201  0.000e+00
     8.7399   3.744824    804.150  537562801  0.000e+00
     8.5732   3.725486    805.066  537566401  0.000e+00
     8.8297   3.753986    805.813  537570001  0.000e+00
     8.6388   3.734282    808.007  537573601  0.000e+00
     8.4505   3.716785    810.624  537577201  0.000e+00
     8.6030   3.730635    812.077  537580801  0.000e+00
     8.4510   3.716330    813.826  537584401  0.000e+00
     8.5077   3.722770    815.233  537588001  0.000e+00
     8.4763   3.719504    813.996  537591601  0.000e+00
     8.4870   3.720398    814.494  537595201  0.000e+00
     8.5208   3.723896    818.198  537598801  0.000e+00
     8.4942   3.721981    820.218  537602401  0.000e+00
     8.5466   3.726739    820.407  537606001  0.000e+00
     8.5422   3.726463    820.668  537609601  0.000e+00
     8.5126   3.723718    822.729  537613201  0.000e+00
     8.4134   3.712576    824.261  537616801  0.000e+00
     8.1953   3.693042    824.356  537620401  0.000e+00
     8.0708   3.678813    824.288  537624001  0.000e+00
     8.0895   3.681078    821.658  537627601  0.000e+00
     8.3847   3.709974    820.560  537631201  0.000e+00
     8.3703   3.708946    818.876  537634801  0.000e+00
     8.3434   3.706102    817.334  537638401  0.000e+00
     8.3260   3.704061    815.931  537642001  0.000e+00
     8.3052   3.702239    814.789  537645601  0.000e+00
     8.2733   3.698987    814.884  537649201  0.000e+00
     8.2192   3.693603    816.450  537652801  0.000e+00
     8.1415   3.686269    819.910  537656401  0.000e+00
     8.0736   3.679325    823.383  537660001  0.000e+00
     7.7840   3.651972    825.908  537663601  0.000e+00
     7.7466   3.647036    826.798  537667201  0.000e+00
     7.7890   3.650493    826.992  537670801  0.000e+00
     7.8607   3.657244    827.921  537674401  0.000e+00
     7.9831   3.670161    828.568  537678001  0.000e+00
     8.0270   3.674016    827.701  537681601  0.000e+00
     7.8914   3.659754    828.680  537685201  0.000e+00
     7.9475   3.665585    828.836  537688801  0.000e+00
     8.1896   3.690224    829.460  537692401  0.000e+00
     8.0770   3.679615    828.942  537696001  0.000e+00
     8.0583   3.678066    829.243  537699601  0.000e+00
     8.1404   3.685664    828.938  537703201  0.000e+00
     8.1632   3.687892    828.847  537706801  0.000e+00
     7.9128   3.663190    830.280  537710401  0.000e+00
     7.7790   3.649237    829.313  537714001  0.000e+00
     7.7992   3.651993    829.246  537717601  0.000e+00
     7.9076   3.661899    827.002  537721201  0.000e+00
     8.0416   3.675448    824.254  537724801  0.000e+00
     8.4091   3.712421    821.106  537728401  0.000e+00
     8.6667   3.738407    819.563  537732001  0.000e+00
     8.6571   3.737319    820.370  537735601  0.000e+00
     8.4597   3.717437    819.289  537739201  0.000e+00
     8.4861   3.720065    819.926  537742801  0.000e+00
     8.2863   3.699849    821.150  537746401  0.000e+00
     8.2289   3.693920    824.515  537750001  0.000e+00
     8.0231   3.673076    826.938  537753601  0.000e+00
     7.8890   3.659657    827.860  537757201  0.000e+00
     8.0410   3.675398    828.856  537760801  0.000e+00
     8.2331   3.694273    828.186  537764401  0.000e+00
     8.2264   3.693939    825.580  537768001  0.000e+00
     8.2472   3.696317    824.607  537771601  0.000e+00
     8.2309   3.694483    823.614  537775201  0.000e+00
     8.6945   3.740668    821.058  537778801  0.000e+00
     8.3285   3.703414    819.442  537782401  0.000e+00
     8.3404   3.705596    819.493  537786001  0.000e+00
     8.3345   3.705045    822.146  537789601  0.000e+00
     8.1762   3.688659    824.295  537793201  0.000e+00
     8.1034   3.681694    826.586  537796801  0.000e+00
     7.9280   3.664448    827.263  537800401  0.000e+00
     7.9936   3.671074    825.677  537804001  0.000e+00
     8.1594   3.687115    822.394  537807601  0.000e+00
     8.5532   3.726378    818.069  537811201  0.000e+00
     8.3798   3.708991    818.995  537814801  0.000e+00
     8.5656   3.727801    820.553  537818401  0.000e+00
     8.5943   3.730805    820.343  537822001  0.000e+00
     8.5960   3.730374    820.295  537825601  0.000e+00
     8.8094   3.752321    821.322  537829201  0.000e+00
     8.4716   3.717419    824.247  537832801  0.000e+00
     8.1462   3.685208    826.759  537836401  0.000e+00
     7.9963   3.670884    829.690  537840001  0.000e+00
     7.8749   3.659103    831.839  537843601  0.000e+00
     7.8392   3.655394    830.910  537847201  0.000e+00
     7.8219   3.653830    827.588  537850801  0.000e+00
     7.9028   3.661221    825.935  537854401  0.000e+00
     8.1646   3.687115    823.268  537858001  0.000e+00
     8.3091   3.702062    821.953  537861601  0.000e+00
     8.3178   3.702197    822.312  537865201  0.000e+00
     8.1961   3.690773    823.414  537868801  0.000e+00
     8.2103   3.691683    823.421  537872401  0.000e+00
     8.1949   3.690351    825.813  537876001  0.000e+00
     8.4445   3.710560    826.661  537879601  0.000e+00
     8.1460   3.685926    829.131  537883201  0.000e+00
     8.0814   3.679052    829.626  537886801  0.000e+00
     7.9879   3.669854    828.141  537890401  0.000e+00
     8.0906   3.679319    826.068  537894001  0.000e+00
     8.2883   3.699747    824.207  537897601  0.000e+00
     8.4668   3.717355    823.797  537901201  0.000e+00
     8.5197   3.723171    822.729  537904801  0.000e+00
     8.5347   3.724816    820.241  537908401  0.000e+00
     8.5921   3.730451    818.797  537912001  0.000e+00
     8.6911   3.740557    817.523  537915601  0.000e+00
     8.6659   3.737969    818.329  537919201  0.000e+00
     8.5327   3.724366    819.340  537922801  0.000e+00
     8.0793   3.680680    820.852  537926401  0.000e+00
     7.9819   3.670530    821.218  537930001  0.000e+00
     7.9803   3.669219    821.573  537933601  0.000e+00
     7.9896   3.669705    821.245  537937201  0.000e+00
     7.9719   3.668727    820.980  537940801  0.000e+00
     8.0110   3.672364    821.435  537944401  0.000e+00
     8.0631   3.677327    819.042  537948001  0.000e+00
     8.0955   3.680666    817.266  537951601  0.000e+00
     8.1176   3.682593    817.958  537955201  0.000e+00
     8.1712   3.688260    817.317  537958801  0.000e+00
     8.1904   3.690201    817.463  537962401  0.000e+00
     8.1858   3.689708    818.507  537966001  0.000e+00
     8.2690   3.697571    818.585  537969601  0.000e+00
     8.2142   3.692707    819.218  537973201  0.000e+00
     8.2437   3.695552    819.839  537976801  0.000e+00
     8.3362   3.704961    819.964  537980401  0.000e+00
     8.4536   3.716808    820.780  537984001  0.000e+00
     8.4639   3.717945    820.425  537987601  0.000e+00
     8.4081   3.711553    819.283  537991201  0.000e+00
     8.2486   3.695533    818.727  537994801  0.000e+00
     8.3680   3.708086    817.476  537998401  0.000e+00
     8.4706   3.718021    817.669  538002001  0.000e+00
     8.6571   3.737292    817.733  538005601  0.000e+00
     8.6292   3.734209    819.987  538009201  0.000e+00
     8.6348   3.733424    821.556  538012801  0.000e+00
     8.2878   3.699683    822.831  538016401  0.000e+00
     8.2658   3.698125    824.112  538020001  0.000e+00
     8.0697   3.678135    825.471  538023601  0.000e+00
     8.3600   3.706971    825.173  538027201  0.000e+00
     8.3843   3.709475    825.139  538030801  0.000e+00
     8.3870   3.709623    826.566  538034401  0.000e+00
     8.4133   3.712082    826.637  538038001  0.000e+00
     8.5074   3.721745    826.311  538041601  0.000e+00
     8.3988   3.710772    826.800  538045201  0.000e+00
     8.3411   3.705310    826.613  538048801  0.000e+00
     8.3828   3.709340    825.807  538052401  0.000e+00
     8.2548   3.696587    826.057  538056001  0.000e+00
     8.2338   3.694651    825.959  538059601  0.000e+00
     8.2257   3.693452    825.414  538063201  0.000e+00
     8.1910   3.688665    823.912  538066801  0.000e+00
     8.1142   3.681987    822.821  538070401  0.000e+00
     8.0799   3.678729    822.434  538074001  0.000e+00
     8.1808   3.688966    821.591  538077601  0.000e+00
     8.2276   3.692906    821.381  538081201  0.000e+00
     8.3731   3.707695    821.177  538084801  0.000e+00
     8.4177   3.712132    821.299  538088401  0.000e+00
     8.4364   3.714007    821.231  538092001  0.000e+00
     8.2886   3.698791    822.173  538095601  0.000e+00
     8.3269   3.703153    823.617  538099201  0.000e+00
     8.2889   3.699190    826.054  538102801  0.000e+00
     8.3081   3.700922    827.033  538106401  0.000e+00
     8.2377   3.694600    827.766  538110001  0.000e+00
     8.2217   3.692895    827.213  538113601  0.000e+00
     8.2111   3.691774    827.688  538117201  0.000e+00
     8.0995   3.680996    828.131  538120801  0.000e+00
     8.1223   3.681316    827.504  538124401  0.000e+00
     8.1712   3.687494    825.149  538128001  0.000e+00
     8.1934   3.689869    823.224  538131601  0.000e+00
     8.1366   3.683901    822.679  538135201  0.000e+00
     8.1321   3.683498    823.577  538138801  0.000e+00
     8.1507   3.685771    824.742  538142401  0.000e+00
     8.1741   3.688237    825.766  538146001  0.000e+00
     7.9680   3.667675    828.663  538149601  0.000e+00
     7.9552   3.666493    830.351  538153201  0.000e+00
     7.9754   3.668424    831.893  538156801  0.000e+00
     7.9109   3.662405    832.035  538160401  0.000e+00
     8.0351   3.674715    830.785  538164001  0.000e+00
     8.5677   3.728171    830.541  538167601  0.000e+00
     8.4825   3.719703    830.507  538171201  0.000e+00
     8.4908   3.720596    829.653  538174801  0.000e+00
     8.3405   3.705080    830.145  538178401  0.000e+00
     8.1544   3.686683    830.982  538182001  0.000e+00
     8.2562   3.696909    830.206  538185601  0.000e+00
     8.2484   3.695434    830.206  538189201  0.000e+00
