data/test_data.cnv
* Sea-Bird SBE37SM-RS232  Data File:
* FileName = Y:\MSM76\Moorings\IfM HH\2018\DS-E-18\Data\Microcat SBE 37\SBE37SM-RS232_03707518_2018_08_26.hex
* Software version SeatermV2 2.5.0.153
* Temperature SN = 7518
* Conductivity SN = 7518
* System UpLoad Time = Aug 26 2018 20:47:24
* sample interval = 10 seconds
* <ApplicationData>
# nquan = 7
# nvalues = 124619                                
# units = specified
# name 0 = scan: Scan Count
# name 1 = prdM: Pressure, Strain Gauge [db]
# name 2 = tv290C: Temperature [ITS-90, deg C]
# name 3 = cond0mS/cm: Conductivity [mS/cm]
# name 4 = sal00: Salinity, Practical [PSU]
# name 5 = timeJV2: Time, Instrument [julian days]
# name 6 = flag:  0.000e+00
# span 0 =          1,     124619                 
# span 1 =     -0.621,    911.077                 
# span 2 =    -0.0614,    21.3536                 
# span 3 =   0.012219,  37.812021                 
# span 4 =     0.0107,    35.5103                 
# span 5 = 224.333345, 238.756725                 
# span 6 = 0.0000e+00, 0.0000e+00                 
# interval = seconds: 10
# start_time = Aug 12 2018 08:00:01 [Instrument's time stamp, first data scan]
# bad_flag = -9.990e-29
*END*
          1      0.065    20.2232   0.012476     0.0139 224.333345  0.000e+00
          2      0.065    20.2157   0.012446     0.0139 224.333461  0.000e+00
          3      0.053    20.2329   0.012446     0.0139 224.333576  0.000e+00
          4      0.065    20.2703   0.012446     0.0139 224.333692  0.000e+00
          5      0.065    20.2884   0.012416     0.0139 224.333808  0.000e+00
          6      0.065    20.3170   0.012446     0.0139 224.333924  0.000e+00
          7      0.059    20.3435   0.012446     0.0139 224.334039  0.000e+00
          8      0.059    20.3480   0.012416     0.0139 224.334155  0.000e+00
          9      0.046    20.3353   0.012416     0.0139 224.334271  0.000e+00
         10      0.059    20.3018   0.012446     0.0139 224.334387  0.000e+00
         11      0.053    20.2612   0.012446     0.0139 224.334502  0.000e+00
         12      0.051    20.2328   0.012416     0.0139 224.334618  0.000e+00
         13      0.053    20.2218   0.012416     0.0139 224.334734  0.000e+00
         14      0.053    20.2206   0.012416     0.0139 224.334850  0.000e+00
         15      0.053    20.2191   0.012416     0.0139 224.334965  0.000e+00
         16      0.051    20.2100   0.012446     0.0139 224.335081  0.000e+00
         17      0.059    20.2246   0.012416     0.0139 224.335197  0.000e+00
         18      0.059    20.2451   0.012416     0.0139 224.335312  0.000e+00
         19      0.046    20.2488   0.012416     0.0139 224.335428  0.000e+00
         20      0.059    20.2612   0.012446     0.0139 224.335544  0.000e+00
         21      0.059    20.3065   0.012416     0.0139 224.335660  0.000e+00
         22      0.040    20.3725   0.012416     0.0139 224.335775  0.000e+00
         23      0.051    20.3902   0.012416     0.0139 224.335891  0.000e+00
         24      0.053    20.3460   0.012416     0.0139 224.336007  0.000e+00
         25      0.045    20.3351   0.012416     0.0139 224.336123  0.000e+00
         26      0.046    20.2939   0.012446     0.0139 224.336238  0.000e+00
         27      0.040    20.3150   0.012416     0.0139 224.336354  0.000e+00
         28      0.040    20.3543   0.012446     0.0139 224.336470  0.000e+00
         29      0.046    20.3896   0.012416     0.0139 224.336586  0.000e+00
         30      0.053    20.4072   0.012416     0.0139 224.336701  0.000e+00
         31      0.051    20.4617   0.012416     0.0139 224.336817  0.000e+00
         32      0.046    20.5166   0.012416     0.0139 224.336933  0.000e+00
         33      0.034    20.5596   0.012416     0.0139 224.337049  0.000e+00
         34      0.046    20.5783   0.012416     0.0139 224.337164  0.000e+00
         35      0.046    20.5948   0.012416     0.0139 224.337280  0.000e+00
         36      0.046    20.5608   0.012416     0.0139 224.337396  0.000e+00
         37      0.046    20.5528   0.012416     0.0139 224.337512  0.000e+00
         38      0.045    20.5656   0.012416     0.0139 224.337627  0.000e+00
         39      0.046    20.5648   0.012416     0.0139 224.337743  0.000e+00
         40      0.039    20.5400   0.012416     0.0139 224.337859  0.000e+00
         41      0.046    20.5452   0.012416     0.0139 224.337975  0.000e+00
         42     -0.018    20.5679   0.012416     0.0139 224.338090  0.000e+00
         43     -0.011    20.5943   0.012416     0.0139 224.338206  0.000e+00
         44      0.000    20.5919   0.012416     0.0139 224.338322  0.000e+00
         45     -0.006    20.5765   0.012416     0.0139 224.338438  0.000e+00
         46      0.000    20.5479   0.012416     0.0139 224.338553  0.000e+00
         47      0.002    20.4887   0.012416     0.0139 224.338669  0.000e+00
         48      0.000    20.4582   0.012416     0.0139 224.338785  0.000e+00
         49     -0.006    20.4454   0.012446     0.0139 224.338900  0.000e+00
         50     -0.005    20.4415   0.012416     0.0139 224.339016  0.000e+00
         51      0.008    20.4139   0.012416     0.0139 224.339132  0.000e+00
         52      0.008    20.4093   0.012416     0.0139 224.339248  0.000e+00
         53     -0.005    20.3935   0.012416     0.0139 224.339363  0.000e+00
         54      0.014    20.3882   0.012416     0.0139 224.339479  0.000e+00
         55      0.021    20.3778   0.012416     0.0139 224.339595  0.000e+00
         56      0.008    20.3789   0.012416     0.0139 224.339711  0.000e+00
         57      0.008    20.4194   0.012416     0.0139 224.339826  0.000e+00
         58      0.008    20.4755   0.012416     0.0139 224.339942  0.000e+00
         59      0.008    20.5233   0.012416     0.0139 224.340058  0.000e+00
         60      0.008    20.5628   0.012386     0.0139 224.340174  0.000e+00
         61      0.021    20.5964   0.012416     0.0139 224.340289  0.000e+00
         62      0.013    20.6234   0.012416     0.0140 224.340405  0.000e+00
         63      0.014    20.6454   0.012416     0.0140 224.340521  0.000e+00
         64      0.014    20.6657   0.012416     0.0140 224.340637  0.000e+00
         65      0.019    20.6841   0.012416     0.0140 224.340752  0.000e+00
         66      0.008    20.6998   0.012416     0.0140 224.340868  0.000e+00
         67      0.007    20.7119   0.012416     0.0140 224.340984  0.000e+00
         68      0.014    20.7141   0.012386     0.0140 224.341100  0.000e+00
         69      0.008    20.6982   0.012416     0.0140 224.341215  0.000e+00
         70      0.008    20.7021   0.012416     0.0140 224.341331  0.000e+00
         71      0.000    20.6998   0.012416     0.0140 224.341447  0.000e+00
         72      0.021    20.6706   0.012416     0.0140 224.341563  0.000e+00
         73      0.027    20.6444   0.012416     0.0140 224.341678  0.000e+00
         74      0.014    20.6433   0.012416     0.0140 224.341794  0.000e+00
         75      0.007    20.6478   0.012386     0.0139 224.341910  0.000e+00
         76      0.021    20.6571   0.012416     0.0140 224.342025  0.000e+00
         77      0.013    20.6655   0.012416     0.0140 224.342141  0.000e+00
         78      0.021    20.6766   0.012416     0.0140 224.342257  0.000e+00
         79      0.013    20.6956   0.012416     0.0140 224.342373  0.000e+00
         80      0.013    20.7067   0.012416     0.0140 224.342488  0.000e+00
         81      0.014    20.7215   0.012416     0.0140 224.342604  0.000e+00
         82      0.007    20.7364   0.012416     0.0140 224.342720  0.000e+00
         83      0.002    20.7419   0.012416     0.0140 224.342836  0.000e+00
         84      0.019    20.7449   0.012416     0.0140 224.342951  0.000e+00
         85      0.013    20.7276   0.012416     0.0140 224.343067  0.000e+00
         86      0.007    20.7161   0.012386     0.0140 224.343183  0.000e+00
         87      0.007    20.7170   0.012416     0.0140 224.343299  0.000e+00
         88      0.014    20.7182   0.012416     0.0140 224.343414  0.000e+00
         89      0.026    20.7118   0.012416     0.0140 224.343530  0.000e+00
         90      0.021    20.7248   0.012416     0.0140 224.343646  0.000e+00
         91      0.026    20.7351   0.012416     0.0140 224.343762  0.000e+00
         92      0.014    20.7341   0.012416     0.0140 224.343877  0.000e+00
         93      0.014    20.7390   0.012386     0.0140 224.343993  0.000e+00
         94      0.026    20.7458   0.012416     0.0140 224.344109  0.000e+00
         95      0.013    20.7364   0.012416     0.0140 224.344225  0.000e+00
         96      0.014    20.7307   0.012386     0.0140 224.344340  0.000e+00
         97      0.019    20.7305   0.012416     0.0140 224.344456  0.000e+00
         98      0.013    20.7274   0.012416     0.0140 224.344572  0.000e+00
         99      0.014    20.7402   0.012386     0.0140 224.344687  0.000e+00
        100      0.019    20.7463   0.012416     0.0140 224.344803  0.000e+00
        101      0.008    20.7487   0.012386     0.0140 224.344919  0.000e+00
        102      0.000    20.7447   0.012416     0.0140 224.345035  0.000e+00
        103      0.013    20.7453   0.012386     0.0140 224.345150  0.000e+00
        104      0.019    20.7530   0.012416     0.0140 224.345266  0.000e+00
        105      0.007    20.7566   0.012416     0.0140 224.345382  0.000e+00
        106      0.002    20.7640   0.012416     0.0140 224.345498  0.000e+00
        107      0.000    20.7608   0.012386     0.0140 224.345613  0.000e+00
        108      0.008    20.7604   0.012416     0.0140 224.345729  0.000e+00
        109      0.014    20.7678   0.012416     0.0140 224.345845  0.000e+00
        110      0.013    20.7714   0.012416     0.0140 224.345961  0.000e+00
        111      0.021    20.7760   0.012416     0.0140 224.346076  0.000e+00
        112      0.013    20.7736   0.012416     0.0140 224.346192  0.000e+00
        113      0.013    20.7831   0.012416     0.0140 224.346308  0.000e+00
        114      0.013    20.7851   0.012416     0.0140 224.346424  0.000e+00
        115      0.013    20.7896   0.012416     0.0140 224.346539  0.000e+00
        116      0.007    20.7926   0.012386     0.0140 224.346655  0.000e+00
        117      0.019    20.7891   0.012386     0.0140 224.346771  0.000e+00
        118      0.012    20.7952   0.012416     0.0140 224.346887  0.000e+00
        119      0.007    20.7841   0.012416     0.0140 224.347002  0.000e+00
        120      0.013    20.7853   0.012416     0.0140 224.347118  0.000e+00
        121      0.012    20.7888   0.012416     0.0140 224.347234  0.000e+00
        122      0.018    20.7889   0.012416     0.0140 224.347350  0.000e+00
        123      0.007    20.7876   0.012386     0.0140 224.347465  0.000e+00
        124      0.007    20.7951   0.012416     0.0140 224.347581  0.000e+00
        125      0.013    20.7969   0.012416     0.0140 224.347697  0.000e+00
        126      0.007    20.8026   0.012386     0.0140 224.347813  0.000e+00
        127      0.019    20.8024   0.012386     0.0140 224.347928  0.000e+00
        128      0.013    20.7986   0.012416     0.0140 224.348044  0.000e+00
        129      0.013    20.7927   0.012386     0.0140 224.348160  0.000e+00
        130      0.007    20.7868   0.012416     0.0140 224.348275  0.000e+00
        131      0.012    20.7751   0.012386     0.0140 224.348391  0.000e+00
        132      0.026    20.7779   0.012416     0.0140 224.348507  0.000e+00
        133      0.012    20.7787   0.012416     0.0140 224.348623  0.000e+00
        134      0.012    20.7861   0.012416     0.0140 224.348738  0.000e+00
        135      0.013    20.7652   0.012416     0.0140 224.348854  0.000e+00
        136      0.013    20.7614   0.012416     0.0140 224.348970  0.000e+00
        137      0.005    20.7538   0.012416     0.0140 224.349086  0.000e+00
        138      0.019    20.7606   0.012386     0.0140 224.349201  0.000e+00
        139      0.013    20.7625   0.012386     0.0140 224.349317  0.000e+00
        140      0.012    20.7674   0.012386     0.0140 224.349433  0.000e+00
        141      0.012    20.7721   0.012416     0.0140 224.349549  0.000e+00
        142      0.013    20.7701   0.012386     0.0140 224.349664  0.000e+00
        143      0.007    20.7691   0.012386     0.0140 224.349780  0.000e+00
        144      0.019    20.7726   0.012416     0.0140 224.349896  0.000e+00
        145      0.018    20.7695   0.012386     0.0140 224.350012  0.000e+00
        146      0.018    20.7797   0.012386     0.0140 224.350127  0.000e+00
        147      0.012    20.7806   0.012416     0.0140 224.350243  0.000e+00
        148      0.013    20.7788   0.012386     0.0140 224.350359  0.000e+00
        149      0.019    20.7660   0.012416     0.0140 224.350475  0.000e+00
        150      0.026    20.7676   0.012386     0.0140 224.350590  0.000e+00
        151      0.018    20.7710   0.012386     0.0140 224.350706  0.000e+00
